000000000000000000000000000000
000000000000000000000000000000
000000000000000000000000000000
000110000000000000000000000000
000111100000000000000000000000
000111110000000000000000000000
000110011000000000000000000000
000110001100000000011100000000
000110000110000000011110000000
000011000011000000010110000000
000011000001000000110010000000
000001100001100000100010000000
000000110001100001100010000000
000000011101100001000010000000
000000000111100001000010000000
000000000001100001000010000000
000111110000110001000010000000
001110111100011001101100000000
001100000011001001111100010000
000110000001101001100000111000
000011000000100101000000111000
000001100000100101000001001000
000000011111110111000011001000
000000000110001111000110001000
000000000000000111000100001000
000000000000000001111000011000
000001100000000001110000011000
000001111111000001110000010000
000000110111110000111100110000
000000010000001000111111100000
000000001000000100111000000000
000000000110000010111000000000
000000000011000011111000000000
000000000000111111101100000000
000000000000001000110100000000
000000000000000000110110000000
000000000000000000011110000000
000000000000000000001110000000
000000000000000000001011000000
000000000000000000111000000000
